Taxa	Parent_IA3023	4J105-3-4	DS11-03003	DS11-03004	DS11-03005	DS11-03006	DS11-03007	DS11-03008	DS11-03009	DS11-03010	DS11-03011	DS11-03012	DS11-03013	DS11-03014	DS11-03015	DS11-03016	DS11-03017	DS11-03018	DS11-03019	DS11-03020	DS11-03021	DS11-03022	DS11-03023	DS11-03024	DS11-03025	DS11-03026	DS11-03027	DS11-03029	DS11-03030	DS11-03031	DS11-03032	DS11-03034	DS11-03036	DS11-03037	DS11-03038	DS11-03039	DS11-03041	DS11-03044	DS11-03045	DS11-03047	DS11-03048	DS11-03050	DS11-03052	DS11-03055	DS11-03057	DS11-03058	DS11-03059	DS11-03064	DS11-03065	DS11-03066	DS11-03067	DS11-03070	DS11-03071	DS11-03072	DS11-03074	DS11-03075	DS11-03076	DS11-03077	DS11-03078	DS11-03079	DS11-03080	DS11-03081	DS11-03082	DS11-03083	DS11-03084	DS11-03085	DS11-03086	DS11-03088	DS11-03089	DS11-03104	DS11-03106	DS11-03108	DS11-03109	DS11-03110	DS11-03111	DS11-03112	DS11-03113	DS11-03115	DS11-03116	DS11-03119	DS11-03120	DS11-03122	DS11-03123	DS11-03124	DS11-03126	DS11-03128	DS11-03129	DS11-03130	DS11-03131	DS11-03132	DS11-03133	DS11-03134	DS11-03135	DS11-03138	DS11-03142	DS11-03143	DS11-03144	DS11-03145	DS11-03147	DS11-03148	DS11-03149	DS11-03151	DS11-03154	DS11-03157	DS11-03158	DS11-03160	DS11-03161	DS11-03162	DS11-03163	DS11-03164	DS11-03165	DS11-03166	DS11-03168	DS11-03169	DS11-03170	DS11-03171	DS11-03172	DS11-03173	DS11-03174	DS11-03175	DS11-03176	DS11-03177	DS11-03178	DS11-03180	DS11-03181	DS11-03183	DS11-03185	DS11-03186	DS11-03188	DS11-03189	DS11-03190	DS11-03195	DS11-03196	DS11-03197	DS11-03198	DS11-03199	DS11-03200	DS11-03202	DS11-03203
Parent_IA3023	2.0075393	-2.0	0.76242477	-0.37571752	-0.35311782	0.14627142	0.38965955	-0.29073194	5.2086514E-4	-0.24078141	0.04542249	-0.12778611	0.09762557	-0.5057666	-0.030165944	-0.26575768	-0.5052234	-0.1518778	0.112692155	-0.06925272	-0.35545772	0.18642406	0.32432073	-0.19264437	0.3977809	-0.10220258	0.07706474	-0.033520184	-0.37661514	-0.25034252	-0.24659319	0.43892813	0.276731	-0.51725477	0.013538079	0.13494442	-0.26642078	-0.08343037	-0.23245516	-0.024482774	0.06664197	-0.26061174	0.35336098	-0.29697603	0.26210633	-0.78757423	-0.2772551	-0.6102128	0.039218638	-0.120346755	0.05669493	0.24136795	-0.07475673	0.1284749	-0.2076054	0.11693505	0.067715354	0.4696876	-0.039820854	0.43048492	0.44253623	0.034826577	-0.49439383	-0.44276533	0.17150329	-0.18302272	0.06028199	-0.032140963	-0.0068809134	0.0021258977	0.20319982	-0.29658958	-0.1338522	0.036073707	-0.045108795	0.32581976	-0.2578572	-0.41183388	0.15987901	0.25604862	0.29149556	-0.21787873	-0.5346043	0.31390157	-0.1627471	-0.0215162	0.13358518	-0.2969232	0.3603601	-0.36306596	-0.57360005	0.3252941	0.27520144	0.16029751	-0.43434113	-0.28405952	0.76755214	0.31134722	0.020593626	0.18160234	0.1252691	0.4328981	0.42134804	-0.19475093	0.6769488	0.21279284	0.4737724	0.5432564	-0.02455771	-0.33625072	0.5045539	0.0068779346	-0.32482255	0.6755222	-0.11042727	-0.511843	0.13415277	0.29203823	-0.25898147	0.48990116	-0.573946	0.3642416	-0.67196673	0.1996807	0.15143608	-0.3023865	0.72610277	0.06747096	-0.04866585	0.27674976	-0.00975412	-0.19516706	-0.10437996	0.23804705	-0.45061156	0.05866294	-0.123589694	-0.026587531	0.18480271
4J105-3-4	-2.0	2.105211	-0.824314	0.31387153	0.28074113	-0.09049452	-0.32464048	0.2961639	0.067680866	0.27201158	0.01024505	0.13516805	-0.031779785	0.54450035	0.053283636	0.2576273	0.5202473	0.18835725	-0.11620466	0.12352071	0.40028057	-0.254456	-0.30481938	0.17140554	-0.42492023	0.07253662	-0.060885016	0.01454375	0.34598738	0.40435416	0.29568875	-0.476855	-0.28943017	0.5167942	-0.012927099	-0.14938265	0.2548914	0.034526877	0.2611375	0.025605375	-0.049832933	0.26667023	-0.31916603	0.33044755	-0.3013275	0.79026663	0.2670985	0.6346212	-0.09605961	0.0785364	-0.10061888	-0.303412	0.100959376	-0.20340495	0.2516117	-0.07330892	0.00871475	-0.5015346	0.03280971	-0.35725188	-0.49047354	0.012323939	0.4606941	0.4609751	-0.20430216	0.20705976	-0.0679164	-0.01846416	0.04326216	0.039597344	-0.24012144	0.40042025	0.19004935	-0.052849457	0.0337836	-0.2954471	0.24923764	0.43725616	-0.21082377	-0.2208598	-0.32842568	0.2688288	0.4533773	-0.36111403	0.09128031	0.025614958	-0.0910444	0.26868278	-0.38954264	0.3428036	0.6256971	-0.32151094	-0.32477713	-0.18795608	0.40714175	0.28074622	-0.7916346	-0.2655464	0.0020461685	-0.26936695	-0.15535742	-0.48508352	-0.46156773	0.17217825	-0.70059216	-0.2831454	-0.5894821	-0.47800273	0.05549218	0.34994015	-0.524952	-0.033203438	0.33265746	-0.6231751	0.059886944	0.467397	-0.11516358	-0.2247968	0.28824598	-0.4731652	0.6302675	-0.37214872	0.58914804	-0.1689697	-0.10901382	0.25866216	-0.70283943	-0.12790233	0.07521643	-0.2579195	-0.012849214	0.28140923	0.0032163116	-0.20177266	0.5002479	-0.111589395	0.13313688	0.043248106	-0.25745225
DS11-03003	0.76242477	-0.824314	1.8773718	-0.17561533	-0.07778753	-0.28738257	0.2597665	-4.6019276E-4	0.091934636	-0.5754345	-0.17670286	0.034599263	0.12490285	-0.3407303	-0.017290631	-0.2979671	-0.44336885	0.001968938	-0.32881555	-0.27402484	0.050030645	0.2625432	0.009705363	0.07132795	0.37245932	-0.12048694	0.025602002	-0.120292455	-0.034996722	-0.06580789	-0.30447593	0.3212981	0.39837712	-0.30120707	0.008880354	0.38013136	-0.3841772	0.07459361	-0.6018513	-0.106160335	-0.3700779	-0.513392	0.53169626	-0.04302252	0.49213296	-0.73274505	-0.19567303	-0.4833733	0.22184528	-0.44514552	-0.07257203	0.42331108	-0.10446149	0.3617645	-0.4217482	0.07032356	0.18873227	0.033925924	-0.29494938	-0.18344305	0.37588698	0.23873165	-0.023156982	-0.27084112	0.5807486	-0.0017058586	0.22406593	0.41717967	0.23329663	-0.3494339	0.2054301	-0.64627093	-0.07589219	-0.12512818	0.24829389	0.1790198	-0.37334827	-0.63001794	0.27732587	-0.14601299	0.0144508425	-0.2807709	-0.3357545	0.10949345	0.34793895	0.23494197	0.056917187	-0.10433513	0.14154983	-0.171104	-0.32215136	0.3300291	0.30686206	0.28651085	-0.1922851	0.15524234	0.45919856	0.15474783	0.100502245	0.36041456	-0.024661703	0.19968571	0.35970816	-0.10512351	0.4399793	0.26762214	0.14037184	-0.17336458	-0.122515745	-0.34153464	0.47666278	-0.19377324	-0.23492748	0.12421191	-0.08064522	0.19921969	0.3477735	0.10917617	0.17155397	0.36940077	-0.36194637	0.23998405	-0.3629097	0.40228766	0.17124498	-0.052190144	0.1384741	-0.23837791	0.06878099	-0.050389167	-0.16907756	-0.48785752	0.08944682	-0.07119451	-0.4195381	0.026453497	-0.3605591	-0.008690658	-0.20502698
DS11-03004	-0.37571752	0.31387153	-0.17561533	1.7247093	0.45667598	0.23453546	-0.16114749	0.13028787	-0.3724608	-0.28921488	-0.22648896	0.300862	-0.06495173	0.25651968	0.32698384	0.14238979	-0.13541366	0.16779132	0.60397947	0.06410998	-0.2002858	-0.34715107	-0.221477	0.110727265	-0.081796065	0.030398568	-0.07336079	0.05604756	-0.23011638	-0.19546269	0.16417068	0.07927532	0.51074845	0.3103725	-0.13371845	-0.040412027	-0.12058756	0.058787324	0.08408244	0.18839055	0.2544682	0.2419153	0.018571245	-0.30121204	0.18532354	0.32016078	-0.1530453	0.023451515	0.13383451	-0.0998627	0.15017308	-0.16442154	0.29630578	0.25931907	-0.369395	0.01682141	-0.40794	0.16716345	0.25195077	0.15368782	-0.042603914	-0.47468874	0.15705906	0.065922916	-0.03963832	0.046819247	-0.08538852	0.1343021	-0.30308953	0.2831594	0.015337985	0.12433699	0.07176268	0.01851394	-0.1459501	-0.19527967	0.011895731	0.023958487	0.16548781	-0.081997186	0.28395462	-0.25647303	0.24495918	-0.3943224	-0.029435607	-0.031306278	-0.3946795	0.26749113	-0.046924964	0.06233701	0.23377097	0.16684456	-0.06305593	-0.29505324	-0.091316104	0.18554649	-0.29196623	-0.046445444	-0.14951925	-0.005085902	0.043119878	-0.35485956	0.04686723	-0.10231	-0.20536166	-0.19675371	0.03371709	-0.10674221	-0.26558363	-0.08259507	-0.12039759	-0.40978283	-0.12492496	-0.077395625	0.009145787	0.0015004564	-0.06419322	-0.24036673	-0.26321757	0.1216822	0.073656745	-0.22940119	0.06832167	-0.22526476	0.11889369	0.011475266	-0.33842525	-0.12649685	-0.08054863	-0.08055826	0.106688015	0.24222656	0.32204726	-0.4345567	0.075367786	-0.18383768	0.21013582	-0.21593612	0.0978164
DS11-03005	-0.35311782	0.28074113	-0.07778753	0.45667598	1.8124188	-0.32652676	-0.8025512	0.090814136	-0.18222785	-0.39845467	-0.70643955	0.1798275	-0.24047959	-0.10355683	0.45828265	0.206404	-0.050305903	-0.21177831	0.22817631	0.22704503	0.028952233	0.17263313	-0.30165222	-0.057112794	0.14932057	0.2828801	0.23344068	0.18187448	-0.2588632	-0.54129875	-0.07184077	0.06935671	0.67522067	-0.07184134	-0.02746663	0.10116135	-0.44230574	0.13432615	-0.52670604	0.009534888	-0.13102585	-0.07001869	0.14255576	-0.4409662	0.12585539	0.17313533	0.20944966	-0.14359352	0.08578172	-0.14658096	-0.06723173	-0.16991296	0.39672503	0.3634955	-0.078412704	0.26359257	-0.36302432	0.45863184	0.4586466	-0.19235717	-0.24247105	-0.74786425	0.13181366	-0.015509463	-0.1109652	0.111917056	-0.23694797	0.4257054	-0.5013017	-0.064137876	-0.13034849	0.0640257	0.07219055	0.27359906	-0.3061942	-0.4106273	-0.09744492	0.029198818	0.32476774	-0.059503224	0.12934616	-0.11578142	-0.013420876	-0.19943711	-0.12890314	-0.1916322	-0.34586233	-0.05125765	0.06835835	0.20382847	0.21057779	0.309044	0.10052048	0.28233933	0.17942339	0.38740647	0.10079097	0.1330685	0.056348905	0.39953285	-0.17974184	-0.453112	0.4614537	-0.07256579	0.0954892	0.0074372813	0.023129134	-0.2749528	-0.5506108	0.22491491	0.103939876	-0.29849243	0.036685783	-0.46909904	0.00419366	0.028657109	-0.20659317	0.057193045	-0.6315264	-0.01021018	0.12748338	-0.37945274	0.043157946	0.12394379	-0.16207446	0.54423535	-0.29561424	0.20543408	0.22758758	-0.2741636	0.50266284	0.16805023	0.068670295	-0.11754151	0.51924336	-0.33804628	-0.24235925	-0.09827716	0.35515904
DS11-03006	0.14627142	-0.09049452	-0.28738257	0.23453546	-0.32652676	1.9311695	0.0624606	-0.306656	-0.11057275	-0.09209823	0.3488019	0.101483814	0.20443222	-0.035777282	-0.10564168	-0.23105454	-0.32388467	0.1226186	0.32317877	-0.07311388	-0.3277075	0.04077101	-0.16186246	-0.09209128	-0.11601895	0.4203515	-0.14163068	0.22882184	0.2705176	0.098729715	-0.19676864	-0.09743142	-0.15065481	0.3890434	-0.4322772	0.47336227	-0.10816395	-0.300488	0.45882177	-0.23646525	0.29617944	0.29479653	0.014919895	-0.15948656	-0.44310987	0.03483924	0.2015271	0.33128792	-0.73059076	0.25133285	-0.120825194	-0.15965495	0.13444431	-0.26065066	0.20384233	-0.26653665	0.09111775	0.14499688	-0.0964465	0.2717925	-0.2521638	0.34194496	-0.4395599	0.016485829	0.42279875	0.026283309	-0.28626359	0.14651793	0.067364566	0.3167302	0.024422875	0.5019846	0.016721921	-0.39256588	0.1674568	0.5696335	0.1500475	0.18770915	-0.16349791	-0.1516409	0.24488883	0.097379915	0.23525886	-0.07271934	0.26640105	0.011336589	-0.07207047	-0.30852896	0.1807377	-0.64705867	0.08104652	-0.2422919	-0.060763963	-0.07801258	-0.08536206	-0.5598471	-0.074990496	-0.4806946	0.10478953	-0.39237094	0.5475109	0.17589585	0.2720482	-0.006406453	0.12313856	0.10228369	-0.33614412	-0.051255267	0.07905315	-0.09365688	0.1848708	0.29082763	-0.2982315	0.124216735	0.18673728	-0.49833673	0.13771223	-0.25933203	0.07441367	0.1332718	-0.21738781	0.059649885	0.010231765	-0.2771746	0.048473377	-0.31893674	0.084562816	-0.069305286	-0.5079233	0.13619304	-0.18222249	0.3206275	-0.3965707	0.074292496	-0.3157743	-0.07933329	0.04583461	-0.38880673	0.123029694
DS11-03007	0.38965955	-0.32464048	0.2597665	-0.16114749	-0.8025512	0.0624606	1.9536412	-0.23145388	0.07374118	-0.14345159	0.3410068	0.27136755	0.5157031	-0.079548605	0.015336346	-0.27373612	0.22263588	0.45405662	-0.18881269	0.120222196	0.20893145	-0.56232196	3.7840448E-4	0.023178054	-0.2457673	-0.038080323	-0.025302472	0.40170234	-0.071504824	0.49710423	0.0059180786	-0.21785858	-0.43710434	-0.28876036	0.15234067	0.02616956	-0.02575908	-0.35032365	0.13624385	0.015754456	0.050523262	0.19476333	-0.1021494	0.29634953	0.40827534	-0.07048658	-0.3343823	-0.24185887	-0.16030177	-0.17562522	0.42835367	-0.11789574	-0.44572166	-0.5175779	0.13999812	-0.5416413	0.14388447	-0.26615638	-0.31956008	0.12131533	0.18300855	0.48475757	-0.10574659	0.23204482	0.3069194	0.22002657	0.08699882	-0.27618822	0.4065579	-0.013366682	-0.26813155	0.20101242	0.16525176	-0.31254494	-0.25847337	0.1018101	-0.21011531	-0.31649312	-0.13989788	-0.021234183	-0.2549951	0.25530237	-0.28221288	0.27774513	0.01881155	0.53619874	0.4477173	-0.06795111	0.03184614	-0.005727552	0.15693986	0.23532827	0.26910156	-0.3968382	-0.35465488	-0.2525888	0.20290236	0.4154816	0.008487558	-0.2947445	0.47233298	0.14564465	-0.25789234	-0.06895043	-0.020450698	-0.16650857	0.05707428	-0.19167182	0.56375843	-0.37160712	-0.12841411	0.018710986	0.1514079	0.21709633	-0.41959688	-0.23616323	0.32880473	-0.18539894	0.5240757	0.063010216	0.030732404	0.32119715	-0.27526075	0.13497575	0.19042099	-0.1686751	-0.14224307	-0.26845035	-0.12034038	0.017222052	-0.65639144	-0.2084353	-0.13197131	-0.05245347	-0.1909012	-0.3590706	0.4570384	-0.14931831	-0.50498176
DS11-03008	-0.29073194	0.2961639	-4.6019276E-4	0.13028787	0.090814136	-0.306656	-0.23145388	1.8270535	0.07173646	0.3026918	-0.16396311	0.35497123	0.32059884	0.051585227	0.036263134	0.31754488	-0.23686172	-0.01974877	-0.42810395	-0.36522534	-0.036360133	-0.18196946	0.21479397	0.030402036	-0.130914	-0.020501418	-0.066008456	0.30137566	0.07653587	-0.40039706	0.11264968	-0.24564615	0.07430255	0.02588986	0.087001316	0.14851898	0.048160143	-0.17580535	0.11865102	0.49504283	-0.24915263	0.061671548	0.01714882	0.16135824	-0.570562	0.29987466	-0.06456166	-0.15706196	0.30717957	-0.04745757	-0.10933559	-0.27104613	0.09700701	0.26603252	0.13242558	-0.1756909	-0.19011946	-0.47096646	-0.2109685	-0.2697824	-0.25129536	0.027957017	0.41486952	0.11825044	0.02969273	-0.042171825	0.31268564	-0.112586096	0.19334932	0.31742468	0.011406391	0.24939795	-0.27656627	-0.5552387	-0.2989118	0.08507314	-0.22935693	-0.23232245	-0.018782752	0.26917943	0.31508905	-0.38376144	-0.058284927	-0.14402598	-0.4322047	0.098137915	0.2820435	0.58040524	-0.30696288	0.25940838	0.76396835	0.0051581203	-0.63796604	-0.17625406	0.14833519	-0.12521191	-0.46183467	-0.18174545	0.38577905	0.183276	0.02290778	-0.23606028	-0.25512463	-0.120269425	-0.05018943	-0.2783312	0.20761988	0.02587452	-0.2449994	0.41942447	-0.37354764	-0.13005619	-0.33799964	-0.103869475	0.03527077	-0.23276925	0.012296202	-0.17535028	-0.13377342	-0.13209392	0.37216878	0.0033622286	0.49332145	-0.21103716	-0.09981652	-0.06008338	-0.43002167	-0.0446421	0.21680579	-0.17341608	0.121583514	0.7000892	0.06628756	-0.069685146	0.2818143	0.6024663	-0.10751045	-0.2501144	-0.24415594
DS11-03009	5.2086514E-4	0.067680866	0.091934636	-0.3724608	-0.18222785	-0.11057275	0.07374118	0.07173646	1.9468622	0.16626804	0.07743981	-0.18998188	0.43594348	0.55545807	-0.1936471	-0.57536805	0.16169454	-0.18848293	-0.05377548	0.545887	-0.29712275	0.12828235	0.7806093	0.3656462	-0.25669518	-0.5791129	0.24850738	-0.07890525	0.0123291705	0.4927121	-0.1264968	-0.45601743	0.040191345	0.27517906	0.35005295	-0.67418104	0.31916788	0.079894215	0.2538941	-0.34711215	-0.5175973	0.17776102	0.03335613	-0.23766367	-0.251808	-0.051071074	-0.0055558253	-0.2281519	0.012010071	-0.43649644	-0.25002542	-0.055294335	-0.1810517	-0.1790484	0.054356556	-0.0745583	-0.20166723	0.24382408	-0.08948076	-0.05261809	0.45610824	-0.11524524	-0.071598485	-0.22620603	-0.46270272	0.027179245	0.31360132	-0.2965359	0.5610411	-0.06972058	0.23587716	0.07161783	0.573057	-0.08549695	0.10269667	-0.18063042	-0.19217227	-0.46367955	-0.3254475	0.034198098	-0.061743557	-0.08195421	-0.51151407	-0.4069308	-0.23539953	-0.114709236	0.28590524	0.21486408	-0.04682572	0.5695514	-0.15432082	-0.05928497	-0.36147508	-0.18940523	-0.5458111	0.26001498	0.18435158	0.01573405	-0.016891934	-0.26295578	-0.34300008	0.17312285	0.081830345	-0.07788144	-0.17294611	-0.07485703	-0.068534374	0.38140264	-0.16218178	-0.25486955	-0.36630288	-0.08255275	-0.14938265	0.124808244	-0.2543654	0.32658735	-0.04464956	0.3459609	0.050581362	-0.24683157	-0.33847713	0.081566714	0.24474339	0.09799667	-0.32544667	0.31938493	0.49524516	0.08099653	0.48421225	0.24956612	0.16334242	-0.37078714	-0.2469006	0.53532475	-0.020209383	0.19233023	0.32925257	-0.060177006	-0.033734556
DS11-03010	-0.24078141	0.27201158	-0.5754345	-0.28921488	-0.39845467	-0.09209823	-0.14345159	0.3026918	0.16626804	1.7507471	-0.06009432	-0.26095316	0.22776768	0.40378937	0.16354924	0.16406572	0.072334096	-0.053604383	0.22883138	-0.08118437	0.29927906	0.07395726	0.22074963	0.16372727	0.26980138	-0.58572286	-0.020686312	0.034738034	0.53403157	0.34896645	0.3285703	-0.04088418	-0.43504485	0.16629599	-0.08876143	-0.43085104	0.2032824	0.021481898	0.78153265	-0.35795352	-0.22617756	0.18327607	-0.075533636	-0.041790307	-0.25451648	-0.019116893	-0.043046363	0.46894473	-0.23163496	-0.23731996	-0.46588045	-0.34939224	-0.15527001	-0.079153985	-0.07203254	0.049012832	0.3179802	-0.23636074	0.039517287	-0.13729447	-0.024410242	0.010101993	0.123481594	0.21455345	-0.1856863	0.04104651	0.019413797	-0.36071187	-0.13476491	0.20134133	-0.28068978	0.13651977	-0.092818394	-0.24372979	0.0020142796	0.16209155	0.55642444	0.22154427	-0.1639763	0.13239293	0.044299155	0.10044639	0.16071084	-0.23171088	0.12655477	-0.3448535	-0.38684186	0.25331458	-0.26886708	0.240342	0.21010765	-0.44833738	-0.21293749	-0.18949263	-0.029011913	-0.080471486	-0.17081402	-0.49132606	-0.23181456	-0.15852436	0.11095813	0.3324577	0.10865133	-0.11098453	0.016504165	-0.081846856	0.024540784	0.5391134	-0.13892105	0.32464534	-0.17221412	0.07551527	-0.027773535	0.03583763	0.07640469	-0.00747293	-0.4681984	-0.03485882	0.06833427	-0.39134228	0.14398307	0.040589664	-0.028844466	0.017810054	-0.09874542	-0.32660702	0.20724697	-0.15111388	-0.18374212	-0.11803042	-0.1311011	-0.053884298	0.018925041	0.2979649	-0.062018603	0.3563966	0.021374756	-0.19842088	0.26645258
DS11-03011	0.04542249	0.01024505	-0.17670286	-0.22648896	-0.70643955	0.3488019	0.3410068	-0.16396311	0.07743981	-0.06009432	1.9592589	-0.22584079	-0.30702385	0.07230986	-0.76249826	0.024544902	0.31751847	-0.11523423	0.1523656	-0.15035486	0.1763832	-0.5433529	-0.49302474	0.029423062	-0.1077172	0.24929564	-0.037010584	-0.32902393	0.305006	0.15698428	0.08181838	-0.15329613	-0.30282822	0.30529636	-0.033984333	0.076526016	0.15252572	-0.3474873	0.60680753	-0.119905315	0.4414967	0.025717786	-0.44348353	0.10514477	-0.44274187	-0.046475276	0.21512921	0.17522979	-0.044914085	0.17557941	0.061380103	-0.10010104	-0.06472603	-0.14106712	-0.014853465	-0.54279375	0.44673556	-0.08839557	0.3015425	0.61486214	0.078865275	0.11598946	-0.35633573	-0.04300256	0.05642473	0.27870926	0.06559061	-0.41700038	0.3959397	0.26085207	0.025825486	0.16144499	0.034939468	0.3587945	0.03529954	-0.11153259	0.4111276	0.20145822	-0.32759082	0.017596817	-0.037592478	0.07163162	0.20696875	0.22348854	-0.04635766	-0.222846	0.19727093	0.12648755	0.3258102	-0.057210434	-0.5732175	-0.09034947	-0.13023251	-0.37618017	0.13340601	0.2795968	-0.080494024	-0.4104381	-0.01597168	-0.6664218	0.31212324	-0.30879447	-0.25405756	0.33848205	-0.111610755	0.084905565	-0.18144327	0.26297307	0.31124997	-0.39106384	-0.59788406	-0.0691754	0.073624566	0.37722683	-0.18773276	0.06810056	-0.066116266	-0.1295813	0.40809128	0.011197789	-0.102082245	0.31521538	-0.15376821	-0.29486114	0.099605955	-0.45869127	0.18596953	-0.27354732	0.33022404	0.11429839	-0.10396648	0.032976866	-0.28962776	-0.031319115	-0.40430003	-0.24651985	0.58003074	0.28766164	-0.39853466
DS11-03012	-0.12778611	0.13516805	0.034599263	0.300862	0.1798275	0.101483814	0.27136755	0.35497123	-0.18998188	-0.26095316	-0.22584079	1.8559055	0.30722725	-0.17017506	0.19325654	-0.0015242094	-0.30483237	0.38406968	-0.39260042	-0.2321662	0.204285	-0.050230857	-0.2330533	0.1308658	-0.46682262	0.1813082	-0.47574905	0.56243217	-0.13767608	-0.28208858	-0.3658882	-0.09915954	0.10933312	0.12664236	-0.25418645	0.45284992	0.21669962	-0.1221965	-0.11888771	0.26139927	0.25325674	0.072910585	0.29387435	0.081285305	0.03880943	0.01880017	-0.34090623	0.16619352	-0.113494985	0.45431617	0.13360754	-0.4098944	0.098392084	-0.29162753	0.09889896	-0.3193095	-0.31023678	0.27037618	-0.019127835	-0.48195085	-0.29488996	0.17095299	-0.17833173	0.3824794	0.16226177	-0.2644976	0.013489861	-0.1205818	-0.3264555	0.28552207	-0.23431551	0.26026264	-0.16351676	-0.15669282	-0.08058699	0.10383369	0.3106671	0.20829815	0.24964538	0.05714824	-0.034525353	-0.009766957	0.29287654	0.057189044	0.14276248	0.5498313	0.21858874	0.3990553	0.024470853	-0.36147285	0.41142148	0.028263975	-0.23727211	0.057715975	-0.13846849	-0.45033622	-0.50729626	0.18646774	0.13174582	0.26653162	0.2550809	-0.75774366	0.043849863	-0.054324716	-0.021871647	-0.2536218	0.03271995	-0.26405182	0.1564461	0.09035055	0.02067721	0.20307587	0.05571563	-0.28984198	0.3507862	-0.49901474	0.19427763	-0.42648005	-0.2770597	0.12003141	0.11561499	-0.34853727	-0.079316914	-0.22616337	-3.779411E-4	0.042603057	-0.39748517	0.14746325	-0.35296774	-0.29812878	0.0065946374	0.13912211	-0.20882538	-0.24654679	0.38061097	0.19974229	-0.12276266	-0.2583042	-0.13073738
DS11-03013	0.09762557	-0.031779785	0.12490285	-0.06495173	-0.24047959	0.20443222	0.5157031	0.32059884	0.43594348	0.22776768	-0.30702385	0.30722725	1.9150196	-0.19312233	0.47100303	0.1762019	-0.6667026	-0.045147404	-0.31537837	-0.22223012	0.1629372	0.18764804	0.096574135	0.03988595	0.044064	-0.19820465	-0.2182883	0.4567906	0.29206845	0.32654846	-0.21158238	-0.6368994	-0.18974285	-0.0620416	-0.16845219	0.027131567	0.075578295	-0.1959484	0.3113284	0.04682767	-0.084921174	0.5444226	-0.10657861	-0.13590287	-0.22365674	0.29470694	-0.15065002	-0.15751503	-0.1389946	-0.15049453	-0.17099053	-0.30468664	0.14221936	-0.017452642	0.3520965	0.10199834	0.37253803	-0.02669118	-0.22774765	-0.77435344	-0.33189917	0.09942312	-0.15916184	0.19930187	0.20264532	0.29473853	0.19446582	0.05790703	0.13771504	-0.021790262	-0.13559029	0.2733203	0.119305335	-0.76170415	-0.42835748	0.41832703	0.05631685	-0.20459771	-0.34238866	0.223204	-0.13500474	-0.043574285	-0.44838548	0.21557263	-0.007700709	0.2692118	0.31097528	-0.21533826	-0.27688903	-0.041028902	0.72531843	-0.18381976	-0.24330148	-0.40463573	0.08401205	-0.41308028	0.43251914	0.13122696	-0.26535454	-0.25568077	0.5559121	0.10663152	-0.018301936	-0.27430958	0.22356823	-0.25440878	-0.16478252	-0.070429035	0.14273188	0.28935266	0.40746826	-0.26205194	-0.1149076	-0.07739709	-0.18749797	-0.3703553	0.082512304	0.08642772	0.118703574	-0.15388256	0.25837746	0.22580542	0.25427216	-0.27978897	0.04866945	-0.19145298	-0.080441654	-0.24612075	-0.39859864	-0.13074599	-0.18824647	-0.07728203	-0.16462053	0.09556018	0.13118021	0.13541931	0.35853824	-0.8079109	-0.16699971
DS11-03014	-0.5057666	0.54450035	-0.3407303	0.25651968	-0.10355683	-0.035777282	-0.079548605	0.051585227	0.55545807	0.40378937	0.07230986	-0.17017506	-0.19312233	2.0319276	-0.14245325	-0.48475084	0.44010475	-0.18776336	0.5009564	0.3743744	-0.13796365	-0.51101375	0.38986754	0.63057685	0.017860284	-0.65293527	0.29056522	0.043099474	-0.3025572	0.37017104	0.28707856	-0.19236846	0.24038905	0.7669118	0.13009779	-0.633814	0.37635213	0.059576504	0.2831556	-0.04685633	-0.76663077	0.276147	-0.490291	-0.38367182	-0.09265948	0.18883367	-0.20081249	-0.06652228	0.112647265	-0.4334387	-0.26490203	-0.0051768436	-0.06374673	-0.1011633	-0.37126526	-0.3374823	-0.14790651	0.15450518	-0.14923306	0.54211336	0.2205862	0.12846982	0.37516445	0.15440594	-0.42444837	0.41342175	0.004350486	-0.092085116	0.10605471	-0.15925892	0.15266657	0.20728116	0.40633687	-0.16350791	0.31699046	-0.36155397	-0.20384647	-0.2776632	-0.12861972	-0.032214668	0.056221895	0.47196674	0.20683843	-0.5243807	-0.18398798	-0.17012185	0.05448524	0.26893917	0.35057732	0.30611572	-0.12984222	0.15330611	0.17633948	-0.3141759	-0.64832497	0.2295746	-0.5171943	-0.42278954	-0.018489718	-0.4642675	-0.5733757	-0.104819156	0.061465006	-0.15173028	-0.9584021	0.24427067	-0.3956447	0.18466757	0.01952263	-0.3741048	-0.5391143	-0.28560403	-0.13161723	0.4231156	-0.3770098	0.41497305	0.18181673	0.17804673	0.14086233	-0.40661556	-0.3493501	0.22226821	-0.15690638	0.549512	-0.09323023	-0.020890199	-0.04956191	0.062178142	0.41683167	0.4706732	-0.06151615	-0.07069682	-0.048171923	0.11673479	-0.16114886	-0.12604281	-0.09774759	0.37826577	0.1493586
DS11-03015	-0.030165944	0.053283636	-0.017290631	0.32698384	0.45828265	-0.10564168	0.015336346	0.036263134	-0.1936471	0.16354924	-0.76249826	0.19325654	0.47100303	-0.14245325	1.9649651	0.52613825	-0.024200283	0.20015377	-0.0871198	0.2962827	0.30748743	0.061063673	-0.26916453	-0.06970986	-0.06561358	-0.02255342	-0.11485633	0.31452122	-0.43121728	0.0271846	0.53289086	-0.11879184	0.15697864	-0.12009428	-0.25028548	-0.389917	0.0034372378	0.32243356	-0.08094722	0.24089131	-0.0148860095	0.06300732	-0.054486252	-0.049586974	0.32862318	-0.14441569	-0.33283314	-0.23901476	-0.20353484	-0.30345434	0.08753733	-0.32607338	-0.2673518	0.062601365	-0.30407596	0.08810742	-0.45242995	-0.14385979	0.33450803	-0.6879923	0.17145053	-0.2575492	0.24337342	0.23363557	-0.035353225	-0.18496443	-0.16125411	0.49425575	-0.32259902	0.10710555	-0.071816884	0.052854672	-0.19508688	-0.029173639	-0.322004	-0.25736934	-0.059581865	0.055795383	-0.09948325	0.22683677	0.04277832	0.18425754	-0.28062117	0.034510825	0.38671693	0.011175679	-0.17812032	0.16469994	-0.25502884	-0.12373564	0.2887764	-0.07679462	-0.32605356	-0.12670968	0.16030897	-0.12137839	0.342253	0.27134597	-0.14453125	0.2706736	0.1325651	0.23490113	0.097489424	-0.20357764	0.08446023	-0.07412113	0.39179224	-0.016002923	-0.5129269	0.6624575	0.3002304	-0.5326116	-0.013563543	-0.39997494	-0.10554275	-0.25523537	-0.06895115	-0.00996311	0.17751296	-0.21529916	0.39478746	-0.6327573	0.038793225	0.2048207	0.10622637	-0.008660518	-0.11059486	0.058127247	-0.08681362	-0.20974092	-0.015472878	-0.15777159	0.25885397	-0.4088371	0.119037196	-0.17149512	-0.2464454	-0.16742834	0.43152893
DS11-03016	-0.26575768	0.2576273	-0.2979671	0.14238979	0.206404	-0.23105454	-0.27373612	0.31754488	-0.57536805	0.16406572	0.024544902	-0.0015242094	0.1762019	-0.48475084	0.52613825	1.8829184	-0.51487243	-0.036279205	-0.11678756	-0.4680801	0.4162547	0.0332695	-0.68597704	-0.61055213	0.21722269	0.08330781	-0.16837533	-0.022898823	0.4940299	-0.16286509	0.25149503	-0.24959835	-0.14486732	0.026144994	-0.2563725	0.22537273	-0.21705282	-0.005891531	0.19533083	0.1818814	0.21530488	0.18663551	-0.05206382	0.3438621	-0.30418548	-0.0554337	0.1438278	0.15523438	0.274992	0.26869738	-0.16209747	-0.43079412	0.18710357	0.25777283	0.074083336	0.13921167	0.26597401	-0.47090113	0.49962303	-0.56290597	-0.5145365	-0.32607982	-0.060194273	0.0065580048	0.0866056	-0.16720656	-0.24065034	0.11088973	-0.28893474	0.4538619	-0.36875597	0.14011815	-0.16167809	0.00699551	-0.48996866	0.36615735	0.24959916	0.6109721	0.15584782	0.10424509	0.23351997	-0.43230549	0.16497457	0.21470062	0.23368733	-0.12072641	0.11828282	-0.09691385	-0.41423166	-0.19427224	0.3214659	-0.20284735	-0.24238981	8.8467484E-4	1.0380634	0.30928212	-0.08307039	0.036848553	-0.22510646	0.2953574	0.6076877	0.0067303334	-0.28409475	0.10613085	0.42611054	-0.100569755	0.11344646	0.035732165	-0.2979399	0.7973922	0.45033544	-0.30783036	-0.088401824	-0.28781235	0.19227512	0.011271995	-0.20511909	-0.16745676	-0.19976887	-0.26178554	0.6586329	-0.2684715	0.21182802	-0.45557466	0.1568432	-0.46180284	-0.17336182	-0.42815587	-0.122297615	-0.46365663	-0.052075338	0.27971324	-0.091470264	-0.62591106	0.077224545	-0.14646427	0.18546753	-0.29123068	-0.17007571
DS11-03017	-0.5052234	0.5202473	-0.44336885	-0.13541366	-0.050305903	-0.32388467	0.22263588	-0.23686172	0.16169454	0.072334096	0.31751847	-0.30483237	-0.6667026	0.44010475	-0.024200283	-0.51487243	1.8154835	-0.00566808	-0.007939443	0.5927866	0.044976123	-0.39093485	0.08849484	0.2502376	-0.2448378	0.10749268	0.07215946	0.044463545	-0.2591552	0.3418671	0.7094104	0.20583731	-0.32062036	-0.014417246	0.5566506	-0.5400462	0.22550529	0.15612464	-0.073355794	-0.15735023	-0.0984261	-0.29339337	-0.60633576	0.108457506	0.027656803	0.049034543	0.006566069	-0.049423903	-0.099856175	-0.15141284	0.4259089	0.014268527	-0.4261872	-0.27615753	-0.095026866	-0.321798	-0.21248695	-0.1904084	0.071005225	0.28326514	0.30431074	-3.7069863E-4	0.47023192	0.06145114	-0.3115612	0.15340336	-0.02270256	-0.14949389	0.17451394	-0.13923153	0.079717964	0.15398782	0.13109615	0.3598029	0.20394956	-0.41471055	-0.07718938	0.22327325	-0.29316992	-0.1208394	-0.19043098	0.50464237	0.18128012	-0.13696176	-0.08217211	0.20236808	0.017204696	0.07422548	0.32874525	0.41870317	-0.42685983	0.33421645	0.09430843	-0.16713923	-0.27281293	0.10039394	-0.32675743	0.09052435	0.013303048	-0.09380634	-0.43948716	-0.060661085	-0.24948266	0.23030189	-0.7686007	-0.20987263	-0.1556812	-0.12272575	0.14604944	-0.32183766	-0.8531734	-0.032191433	0.21423294	-0.009768462	-0.40973628	0.36921173	-0.058219075	-0.1701964	0.5006114	-0.17512962	-0.17357808	-0.24671994	0.12402472	0.45176017	-0.24211158	0.18466564	-0.0377587	0.15750661	0.41994333	0.16614698	-0.2569632	-0.055349756	0.10485672	-0.1985344	0.16172987	-0.20081331	-0.030822473	0.83547986	0.072166644
DS11-03018	-0.1518778	0.18835725	0.001968938	0.16779132	-0.21177831	0.1226186	0.45405662	-0.01974877	-0.18848293	-0.053604383	-0.11523423	0.38406968	-0.045147404	-0.18776336	0.20015377	-0.036279205	-0.00566808	1.9238588	0.13830444	-0.00377364	0.3618817	-0.27354914	0.07135199	0.10736417	-0.5655154	0.25477454	-0.21084124	0.10318389	-0.3382437	0.032768544	0.0147615485	0.2460759	-0.4481198	-0.10914299	-0.05601632	0.34502602	0.1331294	-0.5095582	-0.010184856	-0.018469816	0.29615778	0.013614242	0.2569074	0.5474674	0.30289716	-0.12278668	-0.09891234	-0.18908224	-0.14244111	0.034635454	0.039521065	-0.24597304	-0.47218472	-0.615157	0.4897594	-0.23093092	-0.3431365	-0.21082376	-0.33640775	-0.40514842	0.3546951	0.097894534	0.03391175	0.83082706	0.29942143	-0.039048582	-0.113946766	0.19923416	0.14748538	0.14578012	-0.26913118	0.1058125	-0.38059628	-0.10436517	-0.032805845	0.090656646	-0.11222295	-0.14793736	0.48392558	0.08141502	-0.3100861	-0.13463575	-0.074227765	-0.14340565	0.005733467	-0.05167658	0.2801538	0.14938954	-0.5406748	-0.43262982	0.52337587	-0.30930367	-0.21719444	0.23812142	-0.35827607	-0.4008053	-0.3265907	0.23071797	0.044183902	0.048752286	0.05347294	0.040561143	-0.15005754	0.036266018	0.2746292	-0.2739674	0.13116981	-0.3856822	-0.03158556	-0.014605559	0.30123925	0.5403469	0.27623275	-0.4389402	0.5272319	-0.29285634	0.14759353	-0.124179065	0.30137223	-0.10842017	0.71329516	0.007108977	-0.10487803	0.070548296	0.048430234	-0.05334507	-0.42381543	0.14425875	-0.17273815	-0.32621434	-0.16224338	0.18707412	-0.05817296	-0.5110462	0.34084466	-0.29121953	0.0152463075	-0.11779349	-0.26756123
DS11-03019	0.112692155	-0.11620466	-0.32881555	0.60397947	0.22817631	0.32317877	-0.18881269	-0.42810395	-0.05377548	0.22883138	0.1523656	-0.39260042	-0.31537837	0.5009564	-0.0871198	-0.11678756	-0.007939443	0.13830444	1.9070079	0.11347496	-0.1333039	-0.2178391	-0.19376485	0.020444507	0.42079437	0.13939112	0.097481295	-0.20418936	-0.25995982	-0.17286155	0.06444296	0.48930448	0.35662496	0.13670067	0.005668997	-0.079032965	-0.38355568	-0.25272596	0.30873373	-0.48446828	0.020420505	0.25954106	0.15413213	-0.3624701	0.11932926	-0.043409083	0.08739138	-0.03314773	-0.034382068	-0.08705902	0.104559675	-0.11377231	-0.022812376	0.05662858	-0.05438614	0.17432873	-0.2231397	0.2961421	-0.15009645	0.72336614	-0.20990607	-0.82034504	0.18328296	0.18593153	-0.09376349	0.13969167	-0.054155268	0.08664154	-0.20133428	0.33933464	-0.013423824	0.025103837	0.24806985	0.2591982	-0.0766547	0.08681964	-0.051202055	-0.1409908	-0.037806693	-0.09707199	0.4863898	-0.25050813	0.07554653	-0.52075934	0.18049096	-0.61988705	-0.56354916	-0.0669314	0.2506774	-0.19249126	-0.03622454	0.089025944	0.2667292	0.11383192	-0.5681333	0.56456363	0.03802092	-0.17433847	0.017192533	-0.08565305	-0.115021594	0.21966445	0.32686144	0.1561731	-0.04684575	-0.0826332	0.04174339	0.20869553	-0.21172622	-0.5473324	0.027646612	-0.11839283	-0.20472793	0.3125765	0.02250859	0.17470828	-0.1295113	-0.042375285	-0.4602289	0.034331825	-0.44452295	-0.09280154	-0.36921796	-0.26976582	-0.07680125	-0.022823775	0.050220538	-0.30415285	0.09639347	0.12881905	-0.23399259	0.12753762	-0.016664363	-0.06147958	-0.15288548	-0.15160336	0.2766036	0.21927564	0.16785437
DS11-03020	-0.06925272	0.12352071	-0.27402484	0.06410998	0.22704503	-0.07311388	0.120222196	-0.36522534	0.545887	-0.08118437	-0.15035486	-0.2321662	-0.22223012	0.3743744	0.2962827	-0.4680801	0.5927866	-0.00377364	0.11347496	1.9930279	-0.19704278	-0.08160765	0.3178836	0.26640177	-0.4971589	-0.09165213	0.41355908	0.16102222	-0.5150451	0.33923808	0.10466549	-0.38980648	0.47660998	0.06043678	0.13275807	-0.35258973	0.15447791	0.29468787	-0.04967436	-0.14375326	-0.21891674	0.058075927	-0.1998732	-0.36282948	0.11205104	0.049542192	0.0839103	-0.08302988	-0.14554906	-0.22326845	0.1125167	0.24647234	-0.3009157	-0.5559785	-0.4677398	-0.1243706	-0.33542538	0.2812312	0.06647545	0.39872107	0.2314055	-0.19946277	-2.8046162E-4	-0.19888097	-0.30566517	-0.0037546977	-0.036225345	-0.24999055	-0.17892367	-0.18270002	0.10025902	-0.03511233	0.39718175	0.34093073	-0.003962718	-0.6361504	0.023396365	-0.22272953	-0.14555174	0.043632016	0.08465726	0.4083851	-0.24973543	0.19857176	-0.10578553	-0.050942153	-0.10363767	0.15828285	0.031509772	0.7859846	-0.21967337	0.09432442	-0.15299061	-0.40569356	-0.36157644	0.26422635	0.17696548	0.039190758	-0.1977096	-0.32093936	-0.08453239	-0.030951584	0.047843117	-0.18044196	-0.35782304	-0.026444115	0.11376906	0.076261416	-0.07991532	-0.24285245	-0.5020085	-0.1100429	0.22681738	-0.38404876	-0.24943128	0.3196069	-0.13574192	0.2643504	0.015698947	-0.16911425	-0.14981784	-0.26270962	0.022334283	0.45457402	0.09777122	0.37081692	0.09451972	0.2998073	0.36259583	0.16380996	0.121744245	-0.3589056	0.036676258	0.35467967	-0.11855719	-0.34370115	-0.14570774	0.3817813	-0.009373867
DS11-03021	-0.35545772	0.40028057	0.050030645	-0.2002858	0.028952233	-0.3277075	0.20893145	-0.036360133	-0.29712275	0.29927906	0.1763832	0.204285	0.1629372	-0.13796365	0.30748743	0.4162547	0.044976123	0.3618817	-0.1333039	-0.19704278	1.6842849	-0.16914251	-0.56649226	0.05241787	0.27342185	-0.10855252	-0.40342107	0.03897054	0.20457941	0.37982863	-0.09929775	0.21028394	-0.3041614	0.174322	-0.0795719	-0.03532855	0.055189174	-0.26323643	0.1846906	-0.040568195	0.119343005	0.081402205	-0.15111548	0.41571566	-0.043884676	-0.3618046	-0.3133876	0.37048262	-0.07207269	0.15441194	-0.17855337	-0.6263181	-0.045364846	-0.23581149	0.19012955	0.02573516	0.17358235	-0.1735642	0.3660906	-0.57683873	0.01129558	0.181593	-0.091618165	0.43975765	0.11086972	-0.02455323	-0.101754	-0.39584434	-0.23956865	0.28776824	-0.31507045	-0.062252022	-0.14739104	-0.020086855	-0.11316679	0.0817162	0.22314297	0.5087484	0.050493352	0.09072695	-0.16488539	0.27077633	0.18736018	0.2032635	0.4357858	-0.11771045	-0.10913442	0.028832767	-0.14388002	-0.43358693	0.14789979	-0.49775535	-0.057776883	0.052700624	0.27710152	-0.050926294	0.0307371	0.04171129	-0.1974365	0.023162361	0.42844436	-0.23450461	-0.11768833	0.13535412	8.344199E-4	-0.014940261	-0.21357474	-0.100752965	0.27803367	0.21050747	0.0969499	-0.14142397	0.14187469	-0.20093042	0.32862502	0.098827444	-0.26118043	-0.2766368	0.27467126	-0.21059573	0.31098968	-0.15153308	-0.07073456	-0.041160442	0.2130424	-0.5853165	-0.055171084	-0.30558193	-0.1818937	0.049647275	-0.47096634	-0.22420132	0.09720147	-0.23562066	0.2287676	-0.52357966	0.071972795	0.060982373	-0.09261211
DS11-03022	0.18642406	-0.254456	0.2625432	-0.34715107	0.17263313	0.04077101	-0.56232196	-0.18196946	0.12828235	0.07395726	-0.5433529	-0.050230857	0.18764804	-0.51101375	0.061063673	0.0332695	-0.39093485	-0.27354914	-0.2178391	-0.08160765	-0.16914251	1.8643419	0.3779341	0.33823466	0.3538576	-0.3430513	0.19032286	-0.049882058	0.31198746	-0.48973456	-0.4358725	0.049112134	0.07747069	-0.366237	-0.11815154	0.07954824	-0.34524575	0.18442154	-0.3775977	-0.37285233	0.26181686	-0.34049502	0.31276605	-0.03417391	-0.07600334	-0.09650726	0.34445396	0.17227077	-0.10243908	-0.24723163	-0.42687082	0.22109264	-0.019498337	-0.11780505	-0.46893203	0.26835203	-0.05260152	0.16183303	0.006323867	-0.4877283	0.04534757	-0.031785883	-0.27667668	-0.37849844	-0.2508255	-0.21351072	0.16528738	0.3494961	-0.62448376	-0.2599016	0.29814097	-0.1353214	0.14142798	-0.16454062	-0.13927305	0.14519522	0.052431706	0.27301148	0.14962241	-0.03248866	-0.034935076	-0.20559292	0.07635206	0.07199139	0.29291746	-0.15320577	-0.2135093	0.014697982	-0.21678445	-0.035141446	0.082395755	-0.46638605	-0.06755516	0.28457588	0.4808443	-0.023762206	0.4480096	-0.3060546	-0.04461992	0.38173142	0.10619829	0.35130268	0.2971272	0.16376463	0.41125727	0.03096381	-0.011080973	0.3865197	-0.5056993	0.19634049	0.605692	0.34915906	-0.10339359	-0.019726671	0.2863313	0.047766965	-0.35710362	0.20063469	-0.38821167	-0.10770949	-0.115915194	0.022111123	0.3798184	0.08234796	-0.5213158	0.17577496	0.6445073	0.035924315	-0.33942702	-0.0847922	0.46715504	-0.5771135	0.100681566	0.38738745	-0.009692005	0.629544	-0.4794507	-0.3301398	0.3435862
DS11-03023	0.32432073	-0.30481938	0.009705363	-0.221477	-0.30165222	-0.16186246	3.7840448E-4	0.21479397	0.7806093	0.22074963	-0.49302474	-0.2330533	0.096574135	0.38986754	-0.26916453	-0.68597704	0.08849484	0.07135199	-0.19376485	0.3178836	-0.56649226	0.3779341	1.9519557	0.32477888	-0.106871	-0.62848693	0.28010082	-0.1623136	-0.35537964	0.08441065	-0.10949649	-0.1383482	0.19981374	-0.08832054	0.36815527	-0.26591846	0.17424199	0.30600396	-0.03734774	-0.07838873	-0.3811293	0.07437743	0.22991629	-0.010693687	-0.10592802	0.13307826	-0.34252048	-0.22955184	0.16408047	-0.39832237	-0.3783011	0.17243393	0.059190493	0.010698956	-0.104653746	0.08569144	-0.107234046	0.11317435	-0.6460149	0.2388201	0.341841	0.22092058	-0.1710856	-0.22768413	-0.4860372	-0.10580207	0.39486143	-0.15617874	0.16782272	-0.34044755	0.42858702	0.0260926	0.46622637	0.13119806	0.041248955	-0.047436383	-0.41946554	-0.4056268	0.07215966	0.16323929	-0.14876153	-0.14316265	-0.48018166	-0.24093673	-0.7169684	0.03817156	0.26653573	0.105283625	-0.17945924	0.33344397	0.13543327	0.045380164	-0.279646	-0.1966781	-0.75875556	-0.43690136	-0.106019475	0.23895042	0.18238458	0.032015767	-0.686311	0.14730671	-0.30381972	-0.15511231	-0.2836067	-0.15795855	0.06687662	0.36227837	-0.26802126	-0.20526046	-0.1429677	0.13746814	-0.04354974	0.26071227	-0.01530289	-0.16624787	0.124239646	0.6033677	-0.2100657	0.29823643	-0.1297855	0.501946	-0.0844933	0.25373283	-0.28068078	0.324536	0.5757656	0.66183233	0.08357689	0.38903755	0.2056379	-0.009809758	0.08125516	0.4995694	0.14680825	0.38971275	-0.32903042	-0.1723674	-0.011144554
